service_id,monday,tuesday,wednesday,thursday,friday,saturday,sunday,start_date,end_date
GN6 NOSCHMF,0,0,0,0,0,0,0,20151220,20160514
Y5 MF,0,0,0,0,0,0,0,20151220,20160514
R3 MF,0,0,0,0,0,0,0,20151220,20160514
O3 MF,0,0,0,0,0,0,0,20151220,20160514
I1UISU,0,0,0,0,0,0,0,20151220,20160514
I2-2 UIF,0,0,0,0,0,0,0,20151220,20160514
GN5SA,0,0,0,0,0,0,0,20151220,20160514
I1 NONUIMF,0,0,0,0,0,0,0,20151220,20160514
BB1 MF,0,0,0,0,0,0,0,20151220,20160514
P2 SCHMF,0,0,0,0,0,0,0,20151220,20160514
T2UISU,0,0,0,0,0,0,0,20151220,20160514
B3 SCH MTTF,0,0,0,0,0,0,0,20151220,20160514
7W SHOW #2 SCH WED,0,0,0,0,0,0,0,20151220,20160514
Y5NONUISA,0,0,0,0,0,0,0,20151220,20160514
Y5UISA,0,0,0,0,0,0,0,20151220,20160514
7W / 5E #2 WED,0,0,0,0,0,0,0,20151220,20160514
GN1 MF,0,0,0,0,0,0,0,20151220,20160514
Y2UISU,0,0,0,0,0,0,0,20151220,20160514
I5UISA,0,0,0,0,0,0,0,20151220,20160514
G2 MF,0,0,0,0,0,0,0,20151220,20160514
5E / 8BZ WED,0,0,0,0,0,0,0,20151220,20160514
L2 MF EV,0,0,0,0,0,0,0,20151220,20160514
T2UISA,0,0,0,0,0,0,0,20151220,20160514
I6UISA,0,0,0,0,0,0,0,20151220,20160514
GNX2 MF,0,0,0,0,0,0,0,20151220,20160514
SV4 SCHNOUIMF,0,0,0,0,0,0,0,20151220,20160514
Y3 NONUIMF EV,0,0,0,0,0,0,0,20151220,20160514
1S SHOW WED,0,0,0,0,0,0,0,20151220,20160514
3S/7W SHOW#2 WED,0,0,0,0,0,0,0,20151220,20160514
Y1SA,0,0,0,0,0,0,0,20151220,20160514
5E #2 WED ONLY,0,0,0,0,0,0,0,20151220,20160514
N2 MF,0,0,0,0,0,0,0,20151220,20160514
LM1SU,0,0,0,0,0,0,0,20151220,20160514
I5UISU,0,0,0,0,0,0,0,20151220,20160514
T3 NONUIMF,0,0,0,0,0,0,0,20151220,20160514
SV1NONUISA,0,0,0,0,0,0,0,20151220,20160514
7E SHOW#1 WED,0,0,0,0,0,0,0,20151220,20160514
I2 UIMTH,0,0,0,0,0,0,0,20151220,20160514
I1NONUISA,0,0,0,0,0,0,0,20151220,20160514
I2 UIF,0,0,0,0,0,0,0,20151220,20160514
T2 UIMTH,0,0,0,0,0,0,0,20151220,20160514
ORANGE / GREEN SCH,0,0,0,0,0,0,0,20151220,20160514
Y3SU,0,0,0,0,0,0,0,20151220,20160514
GNX5 MF EV,0,0,0,0,0,0,0,20151220,20160514
GN8 BACKUP,0,0,0,0,0,0,0,20151220,20160514
SV1NONUISU,0,0,0,0,0,0,0,20151220,20160514
T3 NONUIMF EV,0,0,0,0,0,0,0,20151220,20160514
R4 MF,0,0,0,0,0,0,0,20151220,20160514
GR1 SCHMF,0,0,0,0,0,0,0,20151220,20160514
GNX1 SHOW WED,0,0,0,0,0,0,0,20151220,20160514
CENTRAL EX WED,0,0,0,0,0,0,0,20151220,20160514
9A SHOW,0,0,0,0,0,0,0,20151220,20160514
9A SHOW WED,0,0,0,0,0,0,0,20151220,20160514
GNX5 MF,0,0,0,0,0,0,0,20151220,20160514
SV2 MF EV,0,0,0,0,0,0,0,20151220,20160514
SV4 NOSCHNOUIMF,0,0,0,0,0,0,0,20151220,20160514
T1 NONUIMF EV,0,0,0,0,0,0,0,20151220,20160514
T1 NONUIMF,0,0,0,0,0,0,0,20151220,20160514
T3 UIMF,0,0,0,0,0,0,0,20151220,20160514
GN6SU,0,0,0,0,0,0,0,20151220,20160514
Y3UIMF,0,0,0,0,0,0,0,20151220,20160514
I3UISU,0,0,0,0,0,0,0,20151220,20160514
N1 MF,0,0,0,0,0,0,0,20151220,20160514
I8/4S UIMTH SCH,0,0,0,0,0,0,0,20151220,20160514
GN1SU,0,0,0,0,0,0,0,20151220,20160514
Y7 UIF,0,0,0,0,0,0,0,20151220,20160514
SRE1 SCHMF,0,0,0,0,0,0,0,20151220,20160514
GREY MF SHOW,0,0,0,0,0,0,0,20151220,20160514
I6UISU,0,0,0,0,0,0,0,20151220,20160514
T1UISU,0,0,0,0,0,0,0,20151220,20160514
I4-3 UIMF,0,0,0,0,0,0,0,20151220,20160514
I8/4S SCH UIF,0,0,0,0,0,0,0,20151220,20160514
I2-3 UIF,0,0,0,0,0,0,0,20151220,20160514
GN1SA,0,0,0,0,0,0,0,20151220,20160514
I1-4 UIMTH,0,0,0,0,0,0,0,20151220,20160514
LM1 MF,0,0,0,0,0,0,0,20151220,20160514
BB2 MF,0,0,0,0,0,0,0,20151220,20160514
BB3 SCHMF,0,0,0,0,0,0,0,20151220,20160514
Y8 MF,0,0,0,0,0,0,0,20151220,20160514
I8/4S SCHMTH NOUI,0,0,0,0,0,0,0,20151220,20160514
I4UISA,0,0,0,0,0,0,0,20151220,20160514
Y7 UIMTH,0,0,0,0,0,0,0,20151220,20160514
GN9 SCH MTTF,0,0,0,0,0,0,0,20151220,20160514
RUB2 SCH,0,0,0,0,0,0,0,20151220,20160514
GN6UISU,0,0,0,0,0,0,0,20151220,20160514
Y6 SCH,0,0,0,0,0,0,0,20151220,20160514
Y5UISU,0,0,0,0,0,0,0,20151220,20160514
I3-2 UIF,0,0,0,0,0,0,0,20151220,20160514
GNX1 NOSCHMF,0,0,0,0,0,0,0,20151220,20160514
BA1 MF,0,0,0,0,0,0,0,20151220,20160514
Y1SU,0,0,0,0,0,0,0,20151220,20160514
7E/5E SHOW SCH,0,0,0,0,0,0,0,20151220,20160514
R6 UIMF,0,0,0,0,0,0,0,20151220,20160514
I1 NONUIMF EV,0,0,0,0,0,0,0,20151220,20160514
SV4 SCH WED,0,0,0,0,0,0,0,20151220,20160514
RUBY1SU,0,0,0,0,0,0,0,20151220,20160514
3S / 5W SHOW,0,0,0,0,0,0,0,20151220,20160514
I4UISU,0,0,0,0,0,0,0,20151220,20160514
5E SHOW,0,0,0,0,0,0,0,20151220,20160514
G8 MF,0,0,0,0,0,0,0,20151220,20160514
BA2 SCHMF,0,0,0,0,0,0,0,20151220,20160514
T2 UIF,0,0,0,0,0,0,0,20151220,20160514
I5 UIF,0,0,0,0,0,0,0,20151220,20160514
RUBY1SA,0,0,0,0,0,0,0,20151220,20160514
I1SU,0,0,0,0,0,0,0,20151220,20160514
GN5SU,0,0,0,0,0,0,0,20151220,20160514
10W UHS UMS,0,0,0,0,0,0,0,20151220,20160514
5E#3 SHOW WED,0,0,0,0,0,0,0,20151220,20160514
P1 MF,0,0,0,0,0,0,0,20151220,20160514
GR1SA,0,0,0,0,0,0,0,20151220,20160514
GR2 MF,0,0,0,0,0,0,0,20151220,20160514
SV1UISA,0,0,0,0,0,0,0,20151220,20160514
NE2 WED,0,0,0,0,0,0,0,20151220,20160514
GN5 MF EV,0,0,0,0,0,0,0,20151220,20160514
L2 MF,0,0,0,0,0,0,0,20151220,20160514
Y6 NOSCHMF,0,0,0,0,0,0,0,20151220,20160514
3N#3 SHOW WED,0,0,0,0,0,0,0,20151220,20160514
O2 MF,0,0,0,0,0,0,0,20151220,20160514
SV1UISU,0,0,0,0,0,0,0,20151220,20160514
Y6 NOSCHMF EV,0,0,0,0,0,0,0,20151220,20160514
L1SU,0,0,0,0,0,0,0,20151220,20160514
I1UIMF,0,0,0,0,0,0,0,20151220,20160514
I6-4 UIF,0,0,0,0,0,0,0,20151220,20160514
Y4SA,0,0,0,0,0,0,0,20151220,20160514
Y4SU,0,0,0,0,0,0,0,20151220,20160514
I8 UIMF,0,0,0,0,0,0,0,20151220,20160514
I8/4S SCHWED,0,0,0,0,0,0,0,20151220,20160514
G4 MF,0,0,0,0,0,0,0,20151220,20160514
GN4SA,0,0,0,0,0,0,0,20151220,20160514
BZ2 SCHWED,0,0,0,0,0,0,0,20151220,20160514
BZ1 SCHMF,0,0,0,0,0,0,0,20151220,20160514
T4 UIMF,0,0,0,0,0,0,0,20151220,20160514
Y3SA,0,0,0,0,0,0,0,20151220,20160514
G6 MF,0,0,0,0,0,0,0,20151220,20160514
9A DEV EXPRESS SCH WED,0,0,0,0,0,0,0,20151220,20160514
I5 UIMTH,0,0,0,0,0,0,0,20151220,20160514
I8UISA,0,0,0,0,0,0,0,20151220,20160514
I7 UIF,0,0,0,0,0,0,0,20151220,20160514
R1SA,0,0,0,0,0,0,0,20151220,20160514
9B / 7E SHOW,0,0,0,0,0,0,0,20151220,20160514
7W/7E/5E SHOW,0,0,0,0,0,0,0,20151220,20160514
I7-2 UIF,0,0,0,0,0,0,0,20151220,20160514
I1UISA,0,0,0,0,0,0,0,20151220,20160514
9A SHOW SCHWED,0,0,0,0,0,0,0,20151220,20160514
9A/5E SHOW SCH MTTF,0,0,0,0,0,0,0,20151220,20160514
GNX1 NOSCHMF EV,0,0,0,0,0,0,0,20151220,20160514
T1 UIMF,0,0,0,0,0,0,0,20151220,20160514
GN9 SCH WED,0,0,0,0,0,0,0,20151220,20160514
I2UISA,0,0,0,0,0,0,0,20151220,20160514
SV2UISA,0,0,0,0,0,0,0,20151220,20160514
Y1 NONUIMF EV,0,0,0,0,0,0,0,20151220,20160514
T1UISA,0,0,0,0,0,0,0,20151220,20160514
6E/7E SHOW SCHWED,0,0,0,0,0,0,0,20151220,20160514
B1 NOSCHMF,0,0,0,0,0,0,0,20151220,20160514
LM2SU,0,0,0,0,0,0,0,20151220,20160514
RUB2 NOSCHMF EV,0,0,0,0,0,0,0,20151220,20160514
B3 SCH WED,0,0,0,0,0,0,0,20151220,20160514
GR1 NOSCHMF EV,0,0,0,0,0,0,0,20151220,20160514
I7UISA,0,0,0,0,0,0,0,20151220,20160514
3N SHOW WED,0,0,0,0,0,0,0,20151220,20160514
B1 SCHMF,0,0,0,0,0,0,0,20151220,20160514
5W #2 SHOW SCH,0,0,0,0,0,0,0,20151220,20160514
GR3 NONUIMF,0,0,0,0,0,0,0,20151220,20160514
GNX3 MF,0,0,0,0,0,0,0,20151220,20160514
GREY SHOW UI,0,0,0,0,0,0,0,20151220,20160514
LM2 MF,0,0,0,0,0,0,0,20151220,20160514
I7UISU,0,0,0,0,0,0,0,20151220,20160514
I6 UIMF,0,0,0,0,0,0,0,20151220,20160514
RUB2 SCHWED,0,0,0,0,0,0,0,20151220,20160514
Y7 NONUIMF,0,0,0,0,0,0,0,20151220,20160514
GN3 NOSCHMF,0,0,0,0,0,0,0,20151220,20160514
SV1 UIMF,0,0,0,0,0,0,0,20151220,20160514
R5 MF,0,0,0,0,0,0,0,20151220,20160514
L2SA,0,0,0,0,0,0,0,20151220,20160514
SV4 SCHUIMF,0,0,0,0,0,0,0,20151220,20160514
GN5 MF,0,0,0,0,0,0,0,20151220,20160514
3S/5W SHOW#2,0,0,0,0,0,0,0,20151220,20160514
GN9 NOSCHMF,0,0,0,0,0,0,0,20151220,20160514
GN3NONUISA,0,0,0,0,0,0,0,20151220,20160514
5W #1 SHOW SCH,0,0,0,0,0,0,0,20151220,20160514
P2 NOSCHMF,0,0,0,0,0,0,0,20151220,20160514
I3 UIMTH,0,0,0,0,0,0,0,20151220,20160514
R2 MF,0,0,0,0,0,0,0,20151220,20160514
O4 MF,0,0,0,0,0,0,0,20151220,20160514
GN2UISA,0,0,0,0,0,0,0,20151220,20160514
R2SA,0,0,0,0,0,0,0,20151220,20160514
GN3UISA,0,0,0,0,0,0,0,20151220,20160514
L1 SCHMF,0,0,0,0,0,0,0,20151220,20160514
1N SHOW WED,0,0,0,0,0,0,0,20151220,20160514
I8UISU,0,0,0,0,0,0,0,20151220,20160514
I1-4 UIF,0,0,0,0,0,0,0,20151220,20160514
GNX1 SHOW,0,0,0,0,0,0,0,20151220,20160514
1N SHOW,0,0,0,0,0,0,0,20151220,20160514
I8-2 UIMF,0,0,0,0,0,0,0,20151220,20160514
GR1 NOSCHMF,0,0,0,0,0,0,0,20151220,20160514
GR4SA,0,0,0,0,0,0,0,20151220,20160514
O1 MF,0,0,0,0,0,0,0,20151220,20160514
G3 NONUIMF,0,0,0,0,0,0,0,20151220,20160514
GR3 NONUIMF EV,0,0,0,0,0,0,0,20151220,20160514
Y7 NONUIMF EV,0,0,0,0,0,0,0,20151220,20160514
BZ2 SCHMF,0,0,0,0,0,0,0,20151220,20160514
GN3 SCHMF,0,0,0,0,0,0,0,20151220,20160514
RV1 MF,0,0,0,0,0,0,0,20151220,20160514
GN4 MF,0,0,0,0,0,0,0,20151220,20160514
LM2SA,0,0,0,0,0,0,0,20151220,20160514
SV2UISU,0,0,0,0,0,0,0,20151220,20160514
N3 NOSCHMF,0,0,0,0,0,0,0,20151220,20160514
I5-2 UIF,0,0,0,0,0,0,0,20151220,20160514
T1SU,0,0,0,0,0,0,0,20151220,20160514
7E SHOW WED,0,0,0,0,0,0,0,20151220,20160514
I2UISU,0,0,0,0,0,0,0,20151220,20160514
GR2SA,0,0,0,0,0,0,0,20151220,20160514
SV2 UIF,0,0,0,0,0,0,0,20151220,20160514
6E/10E SCH MTTF,0,0,0,0,0,0,0,20151220,20160514
5W#1 SHOW WED,0,0,0,0,0,0,0,20151220,20160514
GN3SU,0,0,0,0,0,0,0,20151220,20160514
LM1SA,0,0,0,0,0,0,0,20151220,20160514
I6-4 UIMF,0,0,0,0,0,0,0,20151220,20160514
3S / 5W SHOW SCH NOUI,0,0,0,0,0,0,0,20151220,20160514
L1SA,0,0,0,0,0,0,0,20151220,20160514
Y8 MF EV,0,0,0,0,0,0,0,20151220,20160514
GN8 MF,0,0,0,0,0,0,0,20151220,20160514
L1 NOSCHMF,0,0,0,0,0,0,0,20151220,20160514
GNX1 SCHMF,0,0,0,0,0,0,0,20151220,20160514
Y2 MF,0,0,0,0,0,0,0,20151220,20160514
7W / 5E SHOW MTTF,0,0,0,0,0,0,0,20151220,20160514
Y2NONUISA,0,0,0,0,0,0,0,20151220,20160514
GN7 MF,0,0,0,0,0,0,0,20151220,20160514
CENTRAL EXP,0,0,0,0,0,0,0,20151220,20160514
B3 NOSCHMF,0,0,0,0,0,0,0,20151220,20160514
5W SHOW #3,0,0,0,0,0,0,0,20151220,20160514
BZ2 NOSCHMF,0,0,0,0,0,0,0,20151220,20160514
B2 MF,0,0,0,0,0,0,0,20151220,20160514
I4-3 UIF,0,0,0,0,0,0,0,20151220,20160514
GN2NONUISA,0,0,0,0,0,0,0,20151220,20160514
G3 UIMF,0,0,0,0,0,0,0,20151220,20160514
BA2 MF,0,0,0,0,0,0,0,20151220,20160514
GN8 MF EV,0,0,0,0,0,0,0,20151220,20160514
SV3 UIMTH,0,0,0,0,0,0,0,20151220,20160514
GR5SA,0,0,0,0,0,0,0,20151220,20160514
R1 MF,0,0,0,0,0,0,0,20151220,20160514
I7 UIMTH,0,0,0,0,0,0,0,20151220,20160514
SV3 UIF,0,0,0,0,0,0,0,20151220,20160514
RUB1 MF,0,0,0,0,0,0,0,20151220,20160514
L2SU,0,0,0,0,0,0,0,20151220,20160514
I8/4S NOSCH NOUI,0,0,0,0,0,0,0,20151220,20160514
I3 UIF,0,0,0,0,0,0,0,20151220,20160514
GN4SU,0,0,0,0,0,0,0,20151220,20160514
G5 MF,0,0,0,0,0,0,0,20151220,20160514
GN3 NOSCHMF EV,0,0,0,0,0,0,0,20151220,20160514
GN7SU,0,0,0,0,0,0,0,20151220,20160514
GN2SU,0,0,0,0,0,0,0,20151220,20160514
Y5SU,0,0,0,0,0,0,0,20151220,20160514
Y2SU,0,0,0,0,0,0,0,20151220,20160514
3N SHOW#1,0,0,0,0,0,0,0,20151220,20160514
GN2 MF,0,0,0,0,0,0,0,20151220,20160514
3N#3 SHOW,0,0,0,0,0,0,0,20151220,20160514
3S SHOW #1 WED,0,0,0,0,0,0,0,20151220,20160514
GR3SA,0,0,0,0,0,0,0,20151220,20160514
1S SHOW,0,0,0,0,0,0,0,20151220,20160514
GR4 MF EV,0,0,0,0,0,0,0,20151220,20160514
N3 SCHWED,0,0,0,0,0,0,0,20151220,20160514
N3 SCHMF,0,0,0,0,0,0,0,20151220,20160514
BZ1 NOSCHMF EV,0,0,0,0,0,0,0,20151220,20160514
I4 UIMF,0,0,0,0,0,0,0,20151220,20160514
Y1 NONUIMF,0,0,0,0,0,0,0,20151220,20160514
Y1UIMF,0,0,0,0,0,0,0,20151220,20160514
BZ1 NOSCHMF,0,0,0,0,0,0,0,20151220,20160514
G7 MF,0,0,0,0,0,0,0,20151220,20160514
I8/4S SCHWED NOUI,0,0,0,0,0,0,0,20151220,20160514
T2NONUISA,0,0,0,0,0,0,0,20151220,20160514
R3SA,0,0,0,0,0,0,0,20151220,20160514
T1NONUISA,0,0,0,0,0,0,0,20151220,20160514
GNX4 MF,0,0,0,0,0,0,0,20151220,20160514
GR4 MF,0,0,0,0,0,0,0,20151220,20160514
Y2UISA,0,0,0,0,0,0,0,20151220,20160514
BRONZE SCHWED BACKUP,0,0,0,0,0,0,0,20151220,20160514
RUB2 NOSCHMF,0,0,0,0,0,0,0,20151220,20160514
Y4 MF,0,0,0,0,0,0,0,20151220,20160514
SV2 UIMTH,0,0,0,0,0,0,0,20151220,20160514
SV4 NOSCHNOUIMF EV,0,0,0,0,0,0,0,20151220,20160514
GN6 SCHMF,0,0,0,0,0,0,0,20151220,20160514
T2SU,0,0,0,0,0,0,0,20151220,20160514
Y5 MF EV,0,0,0,0,0,0,0,20151220,20160514
Y3 NONUIMF,0,0,0,0,0,0,0,20151220,20160514
GR3 UIMF,0,0,0,0,0,0,0,20151220,20160514
7W SHOW SCH MTTF,0,0,0,0,0,0,0,20151220,20160514
SV2 MF,0,0,0,0,0,0,0,20151220,20160514
I3UISA,0,0,0,0,0,0,0,20151220,20160514
